0 0.583594 0.446875 0.035937 0.052083
0 0.563281 0.653125 0.048438 0.035417
0 0.389844 0.517708 0.048438 0.060417
0 0.461719 0.212500 0.073438 0.100000
0 0.564844 0.959375 0.101562 0.047917
0 0.814844 0.920833 0.048438 0.050000
0 0.145313 0.550000 0.043750 0.045833
0 0.831250 0.636458 0.037500 0.060417
0 0.832031 0.809375 0.042188 0.064583
0 0.728906 0.371875 0.045312 0.072917
0 0.837500 0.326042 0.043750 0.056250
0 0.802344 0.480208 0.039062 0.068750
0 0.891406 0.300000 0.032813 0.045833
0 0.905469 0.184375 0.048438 0.052083
0 0.325000 0.146875 0.046875 0.035417
3 0.433594 0.762500 0.201563 0.312500
0 0.428906 0.962500 0.032813 0.033333
1 0.614062 0.261458 0.150000 0.310417
