1 0.196094 0.534375 0.382812 0.285417
1 0.473438 0.434375 0.043750 0.035417
1 0.539844 0.498958 0.045312 0.035417
1 0.625000 0.554167 0.050000 0.066667
1 0.467969 0.608333 0.023438 0.029167
1 0.525000 0.710417 0.031250 0.029167
0 0.579688 0.672917 0.031250 0.037500
0 0.662500 0.684375 0.065625 0.064583
1 0.484375 0.895833 0.437500 0.208333
1 0.082031 0.806250 0.073438 0.095833
1 0.124219 0.583333 0.145313 0.158333
3 0.891406 0.461458 0.192188 0.143750
1 0.907031 0.765625 0.035937 0.043750
1 0.979688 0.919792 0.040625 0.156250
3 0.870313 0.290625 0.115625 0.068750
0 0.989844 0.438542 0.020313 0.039583
3 0.585938 0.258333 0.175000 0.166667
0 0.695312 0.279167 0.053125 0.037500
3 0.294531 0.329167 0.042188 0.133333
