3 0.128125 0.311458 0.062500 0.064583
3 0.782813 0.389583 0.056250 0.066667
3 0.732031 0.180208 0.048438 0.047917
3 0.860938 0.471875 0.028125 0.064583
3 0.871094 0.226042 0.029687 0.035417
3 0.971875 0.307292 0.056250 0.089583
3 0.975781 0.422917 0.048438 0.116667
3 0.372656 0.152083 0.064062 0.058333
1 0.496875 0.587500 0.025000 0.037500
1 0.720313 0.730208 0.021875 0.035417
1 0.754687 0.767708 0.015625 0.031250
1 0.742188 0.854167 0.034375 0.033333
1 0.596094 0.959375 0.023438 0.035417
1 0.487500 0.939583 0.031250 0.062500
1 0.410938 0.986458 0.028125 0.022917
2 0.360156 0.959375 0.032813 0.035417
2 0.531250 0.850000 0.315625 0.129167
1 0.104688 0.439583 0.206250 0.225000
1 0.265625 0.247917 0.228125 0.108333
1 0.282813 0.177083 0.103125 0.041667
4 0.409375 0.256250 0.040625 0.033333
0 0.553906 0.386458 0.104688 0.131250
0 0.567187 0.178125 0.284375 0.243750
0 0.069531 0.284375 0.045312 0.081250
