3 0.082031 0.358333 0.092188 0.070833
3 0.285156 0.627083 0.073438 0.066667
3 0.811719 0.795833 0.054688 0.091667
0 0.493750 0.875000 0.018750 0.020833
1 0.684375 0.632292 0.068750 0.085417
1 0.739844 0.531250 0.098437 0.083333
3 0.853906 0.521875 0.057813 0.102083
1 0.435937 0.230208 0.050000 0.060417
1 0.294531 0.272917 0.207813 0.416667
3 0.559375 0.468750 0.171875 0.300000
3 0.464062 0.714583 0.165625 0.200000
3 0.603906 0.851042 0.064062 0.068750
2 0.835938 0.212500 0.206250 0.375000
2 0.106250 0.173958 0.096875 0.147917
4 0.713281 0.876042 0.107813 0.152083
