3 0.680469 0.125000 0.010937 0.029167
3 0.739844 0.167708 0.029687 0.039583
3 0.919531 0.267708 0.010937 0.018750
3 0.872656 0.280208 0.045312 0.064583
3 0.832812 0.402083 0.028125 0.100000
3 0.314844 0.018750 0.023438 0.020833
3 0.660156 0.037500 0.017188 0.016667
1 0.586719 0.095833 0.126562 0.175000
1 0.732031 0.344792 0.151562 0.268750
3 0.116406 0.200000 0.139063 0.258333
1 0.504687 0.732292 0.315625 0.447917
3 0.570312 0.466667 0.037500 0.050000
3 0.357031 0.131250 0.292187 0.195833
3 0.854688 0.129167 0.290625 0.229167
3 0.766406 0.689583 0.042188 0.050000
2 0.175000 0.542708 0.078125 0.139583
3 0.296875 0.429167 0.100000 0.070833
3 0.291406 0.312500 0.148438 0.108333
4 0.445312 0.320833 0.050000 0.079167
