3 0.401562 0.136458 0.062500 0.064583
1 0.122656 0.361458 0.023438 0.031250
3 0.521094 0.316667 0.170313 0.187500
3 0.375781 0.675000 0.073438 0.070833
1 0.461719 0.850000 0.064062 0.133333
3 0.502344 0.530208 0.039062 0.068750
3 0.642188 0.602083 0.034375 0.058333
3 0.733594 0.534375 0.039062 0.064583
3 0.330469 0.048958 0.060937 0.035417
1 0.792188 0.101042 0.075000 0.085417
1 0.641406 0.301042 0.054688 0.127083
3 0.372656 0.539583 0.117188 0.104167
3 0.579688 0.507292 0.018750 0.039583
3 0.271094 0.206250 0.064062 0.091667
3 0.317188 0.277083 0.034375 0.058333
4 0.625000 0.801042 0.165625 0.306250
4 0.174219 0.593750 0.217188 0.191667
4 0.125000 0.939583 0.209375 0.120833
4 0.117969 0.151042 0.176563 0.285417
1 0.776563 0.288542 0.037500 0.052083
1 0.807031 0.387500 0.023438 0.025000
4 0.846094 0.568750 0.148438 0.170833
1 0.264062 0.390625 0.140625 0.131250
1 0.628125 0.112500 0.203125 0.220833
