1 0.889062 0.323958 0.193750 0.247917
1 0.792188 0.492708 0.087500 0.143750
1 0.825781 0.843750 0.029687 0.033333
3 0.392188 0.851042 0.218750 0.297917
4 0.442969 0.922917 0.114062 0.154167
3 0.124219 0.351042 0.223438 0.214583
1 0.196875 0.566667 0.068750 0.091667
1 0.235937 0.176042 0.278125 0.093750
4 0.724219 0.308333 0.151562 0.312500
4 0.475000 0.530208 0.356250 0.318750
4 0.601562 0.853125 0.171875 0.293750
4 0.740625 0.721875 0.137500 0.318750
4 0.902344 0.765625 0.114062 0.468750
4 0.516406 0.181250 0.260937 0.358333
4 0.318750 0.302083 0.131250 0.120833
4 0.262500 0.575000 0.053125 0.204167
0 0.791406 0.101042 0.251563 0.172917
3 0.293750 0.041667 0.165625 0.079167
