1 0.240625 0.182292 0.050000 0.085417
1 0.244531 0.383333 0.048438 0.079167
3 0.062500 0.603125 0.021875 0.035417
3 0.110156 0.723958 0.035937 0.047917
3 0.100000 0.910417 0.025000 0.033333
0 0.214844 0.657292 0.032813 0.043750
0 0.310156 0.346875 0.026562 0.027083
0 0.298438 0.437500 0.021875 0.029167
0 0.285938 0.560417 0.015625 0.029167
0 0.373437 0.451042 0.034375 0.039583
4 0.711719 0.403125 0.023438 0.052083
0 0.486719 0.683333 0.045312 0.058333
1 0.052344 0.020833 0.051562 0.037500
2 0.546094 0.348958 0.239063 0.547917
2 0.486719 0.800000 0.426563 0.225000
2 0.893750 0.587500 0.212500 0.508333
1 0.357031 0.953125 0.085938 0.056250
1 0.935937 0.945833 0.128125 0.108333
