3 0.093750 0.395833 0.021875 0.037500
1 0.142187 0.509375 0.028125 0.039583
1 0.320312 0.939583 0.031250 0.062500
1 0.519531 0.889583 0.057813 0.058333
0 0.605469 0.579167 0.029687 0.054167
3 0.903906 0.109375 0.042188 0.047917
0 0.905469 0.193750 0.035937 0.066667
0 0.914844 0.286458 0.039062 0.039583
1 0.102344 0.033333 0.045312 0.062500
3 0.169531 0.241667 0.073438 0.133333
1 0.192188 0.078125 0.040625 0.039583
0 0.249219 0.055208 0.082812 0.027083
4 0.069531 0.216667 0.110937 0.275000
4 0.061719 0.604167 0.085938 0.395833
4 0.241406 0.610417 0.251563 0.112500
1 0.374219 0.759375 0.064062 0.060417
4 0.338281 0.442708 0.323437 0.181250
4 0.335156 0.438542 0.323437 0.181250
2 0.481250 0.228125 0.478125 0.218750
2 0.552344 0.064583 0.420312 0.091667
3 0.743750 0.552083 0.112500 0.195833
2 0.898438 0.660417 0.203125 0.679167
2 0.814063 0.216667 0.134375 0.179167
2 0.832031 0.071875 0.095312 0.106250
