0 0.744531 0.689583 0.032813 0.058333
0 0.350000 0.908333 0.056250 0.062500
0 0.676562 0.365625 0.046875 0.047917
0 0.969531 0.777083 0.032813 0.041667
1 0.535937 0.395833 0.050000 0.054167
2 0.414844 0.690625 0.048438 0.035417
2 0.439063 0.475000 0.031250 0.041667
2 0.328125 0.490625 0.034375 0.031250
2 0.371094 0.695833 0.026562 0.029167
3 0.258594 0.314583 0.032813 0.025000
2 0.101562 0.667708 0.031250 0.031250
3 0.730469 0.759375 0.051562 0.052083
2 0.470313 0.611458 0.250000 0.093750
2 0.889062 0.433333 0.193750 0.125000
