3 0.440625 0.509375 0.106250 0.077083
0 0.314844 0.231250 0.054688 0.050000
0 0.302344 0.423958 0.057813 0.089583
0 0.477344 0.387500 0.054688 0.112500
0 0.429688 0.426042 0.034375 0.052083
0 0.242188 0.628125 0.100000 0.039583
0 0.217188 0.362500 0.043750 0.041667
0 0.738281 0.440625 0.051562 0.060417
0 0.533594 0.582292 0.057813 0.135417
0 0.468750 0.619792 0.053125 0.064583
0 0.384375 0.603125 0.081250 0.110417
0 0.574219 0.702083 0.048438 0.075000
0 0.412500 0.206250 0.043750 0.033333
0 0.118750 0.040625 0.028125 0.031250
0 0.154688 0.127083 0.112500 0.095833
0 0.740625 0.023958 0.043750 0.043750
0 0.266406 0.036458 0.064062 0.047917
0 0.387500 0.106250 0.050000 0.045833
0 0.487500 0.160417 0.062500 0.062500
0 0.595313 0.138542 0.081250 0.089583
0 0.786719 0.206250 0.089063 0.075000
0 0.955469 0.059375 0.089063 0.114583
0 0.157031 0.422917 0.020313 0.020833
0 0.653125 0.580208 0.034375 0.052083
0 0.746094 0.633333 0.067187 0.066667
0 0.727344 0.731250 0.051562 0.075000
3 0.580469 0.403125 0.135937 0.202083
3 0.489844 0.700000 0.089063 0.070833
1 0.582031 0.828125 0.051562 0.047917
1 0.410938 0.734375 0.065625 0.056250
