0 0.096094 0.113542 0.045312 0.035417
0 0.296875 0.062500 0.043750 0.037500
3 0.310937 0.301042 0.062500 0.106250
3 0.511719 0.177083 0.145313 0.166667
3 0.641406 0.269792 0.148438 0.193750
3 0.767188 0.315625 0.118750 0.260417
3 0.851562 0.441667 0.053125 0.208333
3 0.179688 0.332292 0.071875 0.247917
0 0.252344 0.216667 0.051562 0.070833
3 0.230469 0.531250 0.035937 0.041667
3 0.302344 0.455208 0.039062 0.060417
3 0.329688 0.563542 0.075000 0.064583
1 0.384375 0.427083 0.071875 0.104167
1 0.420312 0.292708 0.125000 0.185417
1 0.529687 0.407292 0.053125 0.089583
1 0.745313 0.515625 0.146875 0.206250
1 0.109375 0.238542 0.059375 0.110417
