3 0.259375 0.493750 0.040625 0.075000
3 0.394531 0.473958 0.073438 0.056250
3 0.526563 0.188542 0.125000 0.172917
3 0.584375 0.606250 0.043750 0.054167
3 0.653125 0.604167 0.040625 0.058333
3 0.695312 0.343750 0.053125 0.070833
3 0.658594 0.486458 0.054688 0.056250
3 0.744531 0.486458 0.045312 0.072917
3 0.314063 0.546875 0.025000 0.035417
3 0.317188 0.618750 0.037500 0.037500
3 0.271875 0.959375 0.125000 0.081250
0 0.924219 0.810417 0.057813 0.075000
1 0.892188 0.405208 0.215625 0.306250
1 0.336719 0.750000 0.073438 0.075000
1 0.509375 0.545833 0.075000 0.133333
1 0.600000 0.751042 0.121875 0.127083
0 0.560937 0.950000 0.087500 0.100000
1 0.832031 0.913542 0.264062 0.172917
