3 0.472656 0.323958 0.104688 0.189583
0 0.559375 0.298958 0.028125 0.068750
0 0.503125 0.519792 0.037500 0.072917
0 0.733594 0.535417 0.029687 0.062500
0 0.643750 0.608333 0.021875 0.079167
1 0.464844 0.845833 0.060937 0.137500
1 0.377344 0.668750 0.079687 0.091667
1 0.378906 0.103125 0.164062 0.156250
0 0.807031 0.115625 0.098437 0.106250
0 0.641406 0.301042 0.057813 0.114583
0 0.315625 0.265625 0.034375 0.072917
1 0.262500 0.172917 0.075000 0.154167
1 0.260937 0.461458 0.303125 0.277083
1 0.575781 0.507292 0.042188 0.085417
1 0.567969 0.887500 0.048438 0.129167
1 0.785937 0.319792 0.062500 0.172917
4 0.718750 0.435417 0.040625 0.104167
