0 0.307031 0.585417 0.054688 0.050000
0 0.287500 0.817708 0.034375 0.035417
0 0.213281 0.205208 0.048438 0.089583
0 0.495312 0.354167 0.103125 0.070833
0 0.435937 0.545833 0.050000 0.095833
0 0.800000 0.931250 0.100000 0.125000
0 0.405469 0.854167 0.089063 0.062500
0 0.406250 0.753125 0.037500 0.027083
0 0.671094 0.719792 0.051562 0.085417
0 0.533594 0.241667 0.067187 0.079167
1 0.572656 0.432292 0.048438 0.056250
1 0.657031 0.428125 0.035937 0.068750
1 0.672656 0.313542 0.045312 0.052083
1 0.750000 0.315625 0.043750 0.060417
1 0.799219 0.450000 0.067187 0.087500
1 0.689063 0.162500 0.106250 0.104167
2 0.374219 0.202083 0.207813 0.187500
2 0.532813 0.745833 0.165625 0.183333
2 0.839063 0.680208 0.287500 0.293750
2 0.572656 0.566667 0.198437 0.158333
1 0.644531 0.122917 0.285938 0.137500
