0 0.096094 0.430208 0.092188 0.106250
0 0.261719 0.397917 0.064062 0.204167
0 0.367969 0.244792 0.123438 0.068750
0 0.571875 0.067708 0.081250 0.127083
0 0.360938 0.545833 0.043750 0.066667
0 0.335938 0.700000 0.034375 0.033333
0 0.405469 0.638542 0.029687 0.072917
0 0.367188 0.816667 0.046875 0.054167
0 0.556250 0.572917 0.093750 0.216667
0 0.744531 0.453125 0.051562 0.068750
0 0.816406 0.458333 0.057813 0.154167
0 0.946094 0.589583 0.082812 0.162500
0 0.871875 0.247917 0.103125 0.170833
0 0.049219 0.555208 0.085938 0.122917
0 0.304688 0.806250 0.034375 0.050000
0 0.445312 0.935417 0.037500 0.058333
0 0.753125 0.970833 0.053125 0.058333
0 0.833594 0.753125 0.045312 0.060417
3 0.102344 0.193750 0.192188 0.300000
1 0.407813 0.418750 0.137500 0.166667
1 0.648438 0.269792 0.321875 0.193750
