0 0.436719 0.473958 0.170313 0.097917
0 0.764844 0.445833 0.107813 0.137500
3 0.931250 0.621875 0.137500 0.143750
3 0.316406 0.598958 0.110937 0.093750
3 0.496094 0.102083 0.104688 0.112500
0 0.311719 0.126042 0.039062 0.039583
0 0.378906 0.128125 0.035937 0.056250
0 0.228125 0.091667 0.100000 0.125000
1 0.554688 0.367708 0.046875 0.043750
1 0.403125 0.908333 0.090625 0.137500
0 0.564063 0.861458 0.140625 0.106250
0 0.777344 0.779167 0.260937 0.408333
0 0.145313 0.450000 0.184375 0.483333
0 0.735938 0.221875 0.309375 0.297917
0 0.925781 0.430208 0.148438 0.210417
0 0.589063 0.578125 0.090625 0.118750
